471 650 12 22
471 625 12 22
471 599 12 22
471 572 12 22
471 546 12 22
471 514 12 22
471 480 12 22
471 446 12 22
471 416 12 22
471 392 12 22
471 338 12 22
471 309 12 22
471 285 12 22
471 259 12 22
471 231 12 22
471 203 12 22
471 176 12 22
471 151 12 22
471 57 12 22
446 650 12 22
446 625 12 22
446 599 12 22
446 572 12 22
446 546 12 22
446 514 12 22
446 480 12 22
446 446 12 22
446 416 12 22
446 392 12 22
446 338 12 22
446 309 12 22
446 285 12 22
446 259 12 22
446 231 12 22
446 203 12 22
446 176 12 22
446 151 12 22
446 57 12 22
430 650 12 22
430 625 12 22
430 599 12 22
430 572 12 22
430 546 12 22
430 514 12 22
430 480 12 22
430 446 12 22
430 416 12 22
430 392 12 22
430 338 12 22
430 309 12 22
430 285 12 22
430 259 12 22
430 231 12 22
430 203 12 22
430 176 12 22
430 151 12 22
430 57 12 22
397 650 12 22
397 625 12 22
397 599 12 22
397 572 12 22
397 546 12 22
397 514 12 22
397 480 12 22
397 446 12 22
397 416 12 22
397 392 12 22
397 338 12 22
397 309 12 22
397 285 12 22
397 259 12 22
397 231 12 22
397 203 12 22
397 176 12 22
397 151 12 22
397 57 12 22
378 650 12 22
378 625 12 22
378 599 12 22
378 572 12 22
378 546 12 22
378 514 12 22
378 480 12 22
378 446 12 22
378 416 12 22
378 392 12 22
378 338 12 22
378 309 12 22
378 285 12 22
378 259 12 22
378 231 12 22
378 203 12 22
378 176 12 22
378 151 12 22
378 57 12 22
336 650 12 22
336 625 12 22
336 599 12 22
336 572 12 22
336 546 12 22
336 514 12 22
336 480 12 22
336 446 12 22
336 416 12 22
336 392 12 22
336 338 12 22
336 309 12 22
336 285 12 22
336 259 12 22
336 231 12 22
336 203 12 22
336 176 12 22
336 151 12 22
336 57 12 22
320 650 12 22
320 625 12 22
320 599 12 22
320 572 12 22
320 546 12 22
320 514 12 22
320 480 12 22
320 446 12 22
320 416 12 22
320 392 12 22
320 338 12 22
320 309 12 22
320 285 12 22
320 259 12 22
320 231 12 22
320 203 12 22
320 176 12 22
320 151 12 22
320 57 12 22
286 650 12 22
286 625 12 22
286 599 12 22
286 572 12 22
286 546 12 22
286 514 12 22
286 480 12 22
286 446 12 22
286 416 12 22
286 392 12 22
286 338 12 22
286 309 12 22
286 285 12 22
286 259 12 22
286 231 12 22
286 203 12 22
286 176 12 22
286 151 12 22
286 57 12 22
272 650 12 22
272 625 12 22
272 599 12 22
272 572 12 22
272 546 12 22
272 514 12 22
272 480 12 22
272 446 12 22
272 416 12 22
272 392 12 22
272 338 12 22
272 309 12 22
272 285 12 22
272 259 12 22
272 231 12 22
272 203 12 22
272 176 12 22
272 151 12 22
272 57 12 22
240 650 12 22
240 625 12 22
240 599 12 22
240 572 12 22
240 546 12 22
240 514 12 22
240 480 12 22
240 446 12 22
240 416 12 22
240 392 12 22
240 338 12 22
240 309 12 22
240 285 12 22
240 259 12 22
240 231 12 22
240 203 12 22
240 176 12 22
240 151 12 22
240 57 12 22
223 650 12 22
223 625 12 22
223 599 12 22
223 572 12 22
223 546 12 22
223 514 12 22
223 480 12 22
223 446 12 22
223 416 12 22
223 392 12 22
223 338 12 22
223 309 12 22
223 285 12 22
223 259 12 22
223 231 12 22
223 203 12 22
223 176 12 22
223 151 12 22
223 57 12 22
178 650 12 22
178 625 12 22
178 599 12 22
178 572 12 22
178 546 12 22
178 514 12 22
178 480 12 22
178 446 12 22
178 416 12 22
178 392 12 22
178 338 12 22
178 309 12 22
178 285 12 22
178 259 12 22
178 231 12 22
178 203 12 22
178 176 12 22
178 151 12 22
178 57 12 22
164 650 12 22
164 625 12 22
164 599 12 22
164 572 12 22
164 546 12 22
164 514 12 22
164 480 12 22
164 446 12 22
164 416 12 22
164 392 12 22
164 338 12 22
164 309 12 22
164 285 12 22
164 259 12 22
164 231 12 22
164 203 12 22
164 176 12 22
164 151 12 22
164 57 12 22
121 650 12 22
121 625 12 22
121 599 12 22
121 572 12 22
121 546 12 22
121 514 12 22
121 480 12 22
121 446 12 22
121 416 12 22
121 392 12 22
121 338 12 22
121 309 12 22
121 285 12 22
121 259 12 22
121 231 12 22
121 203 12 22
121 176 12 22
121 151 12 22
121 57 12 22
108 650 12 22
108 625 12 22
108 599 12 22
108 572 12 22
108 546 12 22
108 514 12 22
108 480 12 22
108 446 12 22
108 416 12 22
108 392 12 22
108 338 12 22
108 309 12 22
108 285 12 22
108 259 12 22
108 231 12 22
108 203 12 22
108 176 12 22
108 151 12 22
108 57 12 22
69 650 12 22
69 625 12 22
69 599 12 22
69 572 12 22
69 546 12 22
69 514 12 22
69 480 12 22
69 446 12 22
69 416 12 22
69 392 12 22
69 338 12 22
69 309 12 22
69 285 12 22
69 259 12 22
69 231 12 22
69 203 12 22
69 176 12 22
69 151 12 22
69 57 12 22
64 650 12 22
64 625 12 22
64 599 12 22
64 572 12 22
64 546 12 22
64 514 12 22
64 480 12 22
64 446 12 22
64 416 12 22
64 392 12 22
64 338 12 22
64 309 12 22
64 285 12 22
64 259 12 22
64 231 12 22
64 203 12 22
64 176 12 22
64 151 12 22
64 57 12 22
37 650 12 22
37 625 12 22
37 599 12 22
37 572 12 22
37 546 12 22
37 514 12 22
37 480 12 22
37 446 12 22
37 416 12 22
37 392 12 22
37 338 12 22
37 309 12 22
37 285 12 22
37 259 12 22
37 231 12 22
37 203 12 22
37 176 12 22
37 151 12 22
37 57 12 22
21 650 12 22
21 625 12 22
21 599 12 22
21 572 12 22
21 546 12 22
21 514 12 22
21 480 12 22
21 446 12 22
21 416 12 22
21 392 12 22
21 338 12 22
21 309 12 22
21 285 12 22
21 259 12 22
21 231 12 22
21 203 12 22
21 176 12 22
21 151 12 22
21 57 12 22
